-36
-27
-18
-9
-4
-3
7
1
0
-2
-2
2
11
24
28
24
19
16
14
7
-5
0
19
27
20
12
18
23
16
6
7
22
29
24
24
33
32
20
7
10
9
0
-8
1
10
3
-2
-3
2
-3
-13
-14
-8
-8
-17
-17
-7
-8
-18
-24
-24
-16
-16
-23
-22
-14
-11
-17
-23
-21
-14
-14
-22
-21
-13
-13
-23
-22
-18
-11
-12
-11
-3
1
-4
-7
-5
-6
-5
-3
9
17
14
10
11
16
17
14
14
21
28
29
21
16
15
15
13
11
17
26
30
29
28
29
28
26
23
27
26
25
27
27
23
20
19
14
6
1
5
9
5
2
8
15
12
4
0
-1
-2
-7
-12
-2
5
1
-2
-6
-6
-13
-24
-26
-22
-15
-17
-23
-22
-18
-23
-35
-40
-34
-29
-32
-31
-29
-27
-39
-50
-46
-42
-42
-46
-45
-37
-35
-43
-49
-50
-46
-46
-46
-45
-36
-25
-30
-35
-37
-33
-30
-34
-28
-19
-10
-12
-10
-3
-2
-9
-11
-3
10
15
13
20
27
28
29
28
32
36
45
53
59
58
52
49
51
48
48
53
61
70
71
69
63
59
54
53
54
58
65
66
65
61
57
48
40
41
41
40
40
44
42
32
21
19
20
15
10
12
17
12
1
-7
-11
-13
-14
-12
-10
-9
-12
-13
-19
-25
-31
-34
-34
-33
-30
-27
-26
-30
-32
-36
-37
-38
-37
-36
-37
-35
-32
-36
-40
-41
-37
-36
-39
-38
-30
-29
-32
-36
-34
-32
-30
-30
-27
-19
-15
-16
-19
-20
-21
-17
-20
-19
-17
-12
-6
-6
-7
-10
-9
-9
-5
2
7
9
12
18
16
13
15
20
26
25
25
31
34
33
30
26
27
33
37
37
36
39
47
51
45
43
46
50
45
40
40
41
39
34
32
35
33
30
29
29
27
25
25
24
23
23
20
17
14
9
6
2
1
4
3
0
-2
-4
-10
-17
-20
-22
-23
-23
-22
-18
-18
-23
-26
-26
-27
-27
-23
-20
-18
-16
-19
-20
-25
-27
-25
-25
-30
-31
-28
-20
-12
-15
-16
-11
-6
-7
-8
-5
-2
1
3
-2
-2
2
4
5
-2
1
-1
-4
-12
-14
-9
-7
10
18
15
11
11
11
10
7
7
13
15
11
-2
-4
-15
-26
-32
-32
-25
-20
-7
2
1
-5
-4
1
-2
-8
-14
-15
-14
-2
-9
-16
-27
-43
-46
-49
-44
-32
-17
-15
-8
-5
7
15
12
5
-2
-2
-7
-6
1
7
-1
-15
-13
-13
-12
-4
3
-4
-12
-6
-1
9
20
21
26
24
17
13
2
15
18
15
14
-10
-21
-26
-35
-33
-10
1
18
35
35
38
41
34
28
38
28
23
39
32
16
-1
16
1
13
21
-5
24
13
25
34
32
34
37
34
16
26
20
10
42
16
4
7
-15
-10
-4
11
-6
-4
-9
-17
-2
-39
-44
2
-5
34
69
38
26
-3
-30
-24
-45
-65
-69
-64
-60
-57
-55
-29
-28
-19
-27
-41
-26
-55
-38
-28
-43
-28
-43
-49
-40
-35
-18
-15
17
22
16
27
-53
-44
-80
-110
-61
-87
16
13
113
154
110
120
-18
-38
-55
-28
-17
-15
-8
-29
-36
-48
-22
4
16
-6
-3
1
59
108
133
48
45
-15
-83
49
-5
122
114
89
45
-51
-58
-158
-52
-87
-75
23
28
167
157
